1671
1634
1907
1581
1685
1899
1867
1732
1801
1838
1880
1647
1701
1760
1772
1588
1857
1854
1900
1755
1887
1705
1919
1728
1840
1724
1681
1598
1876
1886
1767
1892
1900
1882
1646
1657
1739
1881
1767
1563
1749
1783
1785
1660
1794
1826
1644
1595
1572
1649
1795
1596
1875
1597
1677
1797
1713
1622
1910
1563
1777
1872
1749
1630
1636
1777
1626
1631
1689
1690
1778
1868
1657
1794
1809
1901
1903
1816
1702
1779
1610
1826
1875
1755
1641
1782
1870
1705
1765
1804
1666
1654
1682
1905
1591
1876
1662
1579
1611
1561
